00001
00002
00003
00004
00005
00006
00007
00008
00009
00010
00011
00012
00013
00014
00015
00016
00017
00018
00019
00020
00021
00022
00023
00024
00025
00026
00027
00028
00029
00030
00031
00032
00033
00034
00035
00036
00037
00038
00039
00041
00047
00048
00049
00051
00052
00056
00058
00064
00068
00069
00075
00078
00079
00080
00081
00082
00085
00086
00088
00089
00090
00098
00100
00101
00102
00106
00107
00112
00114
00115
00116
00118
00123
00127
00143
00170
00172
00173
00174
00183
00185
00189
00191
00214
00218
00221
00223
00228
00229
00230
00232
00233
00234
00236
00237
00238
00240
00241
00242
00244
00245
00246
00248
00249
00250
00252
00253
00254
00256
00257
00258
00260
00261
00262
00264
00265
00266
00268
00269
00270
00272
00273
00274
00276
00277
00278
00280
00281
00282
00284
00285
00286
00288
00289
00290
00292
00293
00294
00296
00297
00298
00300
00301
00302
00304
00305
00306
00308
00309
00310
00312
00313
00314
00316
00317
00318
00320
00321
00322
00324
00325
00326
00328
00329
00330
00332
00333
00334
00336
00337
00338
00340
00341
00342
00344
00345
00346
00348
00349
00350
00352
00353
00354
00356
00357
00358
00360
00361
00362
00364
00365
00366
00368
00369
00370
00372
00373
00374
00376
00377
00378
00380
00381
00382
00384
00385
00386
00388
00389
00390
00391
00392
00393
00394
00395
00396
00397
00398
00399
00400
00401
00402
00403
00404
00405
00406
00407
00408
00409
00410
00411
00412
00413
00414
00415
00416
00417
00418
00419
00420
00421
00422
00423
00424
00425
00426
00427
00428
00429
00430
00431
00432
00433
00434
00435
00436
00437
00438
00439
00440
00441
00442
00443
00444
00445
00446
00447
00448
00449
00450
00451
00452
00453
00454
00455
00456
00457
00458
00459
00460
00461
00462
00463
00464
00465
00466
00467
00468
00469
00470
00471
00472
00473
00474
00475
00476
00477
00478
00479
00480
00481
00482
00483
00484
00485
00486
00487
00488
00489
00490
00491
00492
00493
00494
00495
00496
00497
00498
00499
00500
00501
00502
00503
00504
00505
00506
00507
00608
00609
00610
00611
00612
00613
00614
00615
00616
00617
00618
00619
00620
00621
00622
00623
00624
00625
00626
00627
00628
00629
00630
00631
00632
00633
00634
00635
00636
00637
00638
00639
00640
00641
00642
00643
00644
00645
00646
00647
00648
00649
00650
00651
00652
00653
00654
00655
00656
00657
00658
00659
00660
00661
00662
00663
00664
00665
00666
00667
00668
00669
00670
00671
00672
00673
00674
00675
00676
00677
00678
00679
00680
00681
00682
00683
00684
00685
00686
00687
00688
00689
00690
00691
00692
00693
00694
00695
00696
00697
00698
00699
00700
00701
00702
00703
00704
00705
00706
00707
00788
00789
00790
00791
00792
00793
00794
00795
00796
00797
00798
00799
00800
00801
00802
00803
00804
00805
00806
00807
00808
00809
00810
00811
00812
00813
00814
00815
00816
00817
00818
00819
00820
00821
00822
00823
00824
00825
00826
00827
00828
00829
00830
00831
00832
00833
00834
00835
00836
00837
00838
00839
00840
00841
00842
00843
00844
00845
00846
00847
00848
00849
00850
00851
00852
00853
00854
00855
00856
00857
00858
00859
00860
00861
00862
00863
00864
00865
00866
00867
00868
00871
00874
00877
00880
00883
00886
00889
00892
00895
00898
00901
00904
00907
00910
00913
00916
00919
00922
00925
00928
00931
00934
00937
00940
00943
00946
00948
00949
00950
00951
00952
00953
00954
00955
00956
00957
00958
00959
00960
00961
00962
00963
00964
00965
00966
00967
00968
00969
00970
00971
00972
00973
00974
00975
00976
00977
00978
00979
00980
00981
00982
00983
00984
00985
00986
00987
00988
00989
00990
00991
00992
00993
00994
00995
00996
00997
00998
00999
01000
01001
01002
01003
01004
01005
01006
01007
